KL Divergence vs. Simulation Duration (averaged over 50 seeds)
================================================================================
Duration (s)   Base Prober              Adaptive Prober          Samir Prober             
--------------------------------------------------------------------------------
10             0.0010                   0.0662                   0.0020                   
20             0.0005                   0.0605                   0.0011                   
30             0.0004                   0.0611                   0.0005                   
40             0.0003                   0.0585                   0.0005                   
50             0.0003                   0.0582                   0.0004                   
60             0.0002                   0.0586                   0.0004                   
70             0.0002                   0.0571                   0.0002                   
80             0.0002                   0.0565                   0.0002                   
90             0.0001                   0.0565                   0.0001                   
100            0.0001                   0.0573                   0.0002                   


KL Divergence / CPU Time
================================================================================
Duration (s)   Base Prober              Adaptive Prober          Samir Prober             
--------------------------------------------------------------------------------
10             0.5160                   5.2782                   0.0794                   
20             0.1157                   2.1207                   0.0126                   
30             0.0486                   1.4191                   0.0029                   
40             0.0265                   0.9701                   0.0017                   
50             0.0171                   0.8226                   0.0007                   
60             0.0111                   0.7210                   0.0005                   
70             0.0068                   0.4475                   0.0002                   
80             0.0049                   0.3823                   0.0001                   
90             0.0030                   0.3201                   0.0001                   
100            0.0026                   0.3020                   0.0001                   
