KL Divergence vs. Probe Rate (averaged over 50 seeds)
================================================================================
Probe Rate     Base Prober              Adaptive Prober          Samir Prober             
--------------------------------------------------------------------------------
10             0.0010                   0.0673                   0.0010                   
20             0.0005                   0.0605                   0.0006                   
30             0.0004                   0.0616                   0.0003                   
40             0.0003                   0.0587                   0.0004                   
50             0.0003                   0.0579                   0.0003                   
60             0.0002                   0.0575                   0.0003                   
70             0.0002                   0.0573                   0.0001                   
80             0.0002                   0.0571                   0.0002                   
90             0.0001                   0.0567                   0.0001                   
100            0.0001                   0.0573                   0.0002                   


KL Divergence / Probe Rate
================================================================================
Probe Rate     Base Prober              Adaptive Prober          Samir Prober             
--------------------------------------------------------------------------------
10             0.0001                   0.0067                   0.0001                   
20             0.0000                   0.0030                   0.0000                   
30             0.0000                   0.0021                   0.0000                   
40             0.0000                   0.0015                   0.0000                   
50             0.0000                   0.0012                   0.0000                   
60             0.0000                   0.0010                   0.0000                   
70             0.0000                   0.0008                   0.0000                   
80             0.0000                   0.0007                   0.0000                   
90             0.0000                   0.0006                   0.0000                   
100            0.0000                   0.0006                   0.0000                   
