KL Divergence vs. Simulation Duration (averaged over 50 seeds)
================================================================================
Duration (s)   Base Prober              Adaptive Prober          Samir Prober             
--------------------------------------------------------------------------------
10             0.0011                   0.0678                   0.0356                   
20             0.0005                   0.0588                   0.0165                   
30             0.0004                   0.0618                   0.0085                   
40             0.0003                   0.0607                   0.0038                   
50             0.0003                   0.0591                   0.0054                   
60             0.0002                   0.0579                   0.0038                   
70             0.0002                   0.0572                   0.0034                   
80             0.0002                   0.0568                   0.0026                   
90             0.0002                   0.0572                   0.0020                   
100            0.0001                   0.0577                   0.0027                   


KL Divergence / CPU Time
================================================================================
Duration (s)   Base Prober              Adaptive Prober          Samir Prober             
--------------------------------------------------------------------------------
10             0.5938                   6.2256                   126.9048                 
20             0.1295                   2.2639                   10.3818                  
30             0.0570                   1.5373                   2.5320                   
40             0.0304                   1.1654                   0.5794                   
50             0.0207                   0.8394                   0.6489                   
60             0.0126                   0.6424                   0.4427                   
70             0.0086                   0.5047                   0.2752                   
80             0.0055                   0.4464                   0.1600                   
90             0.0045                   0.3684                   0.0938                   
100            0.0027                   0.3834                   0.1117                   
