KL Divergence vs. Probe Rate (averaged over 50 seeds)
================================================================================
Probe Rate     Base Prober              Adaptive Prober          Samir Prober             
--------------------------------------------------------------------------------
10             0.0011                   0.0706                   0.0032                   
20             0.0005                   0.0591                   0.0027                   
30             0.0004                   0.0620                   0.0026                   
40             0.0003                   0.0608                   0.0019                   
50             0.0003                   0.0586                   0.0023                   
60             0.0002                   0.0581                   0.0024                   
70             0.0002                   0.0576                   0.0019                   
80             0.0002                   0.0569                   0.0021                   
90             0.0002                   0.0573                   0.0017                   
100            0.0001                   0.0577                   0.0027                   


KL Divergence / Probe Rate
================================================================================
Probe Rate     Base Prober              Adaptive Prober          Samir Prober             
--------------------------------------------------------------------------------
10             0.0001                   0.0071                   0.0003                   
20             0.0000                   0.0030                   0.0001                   
30             0.0000                   0.0021                   0.0001                   
40             0.0000                   0.0015                   0.0000                   
50             0.0000                   0.0012                   0.0000                   
60             0.0000                   0.0010                   0.0000                   
70             0.0000                   0.0008                   0.0000                   
80             0.0000                   0.0007                   0.0000                   
90             0.0000                   0.0006                   0.0000                   
100            0.0000                   0.0006                   0.0000                   
