KL Divergence vs. Simulation Duration (averaged over 50 seeds)
================================================================================
Duration (s)   Base Prober              Adaptive Prober          Samir Prober             
--------------------------------------------------------------------------------
10             0.4154                   0.2338                   0.2243                   
20             0.4141                   0.2524                   0.1806                   
30             0.4175                   0.2184                   0.0831                   
40             0.4163                   0.1523                   0.0969                   
50             0.4178                   0.1593                   0.1035                   
60             0.4183                   0.1102                   0.1006                   
70             0.4174                   0.0774                   0.0819                   
80             0.4181                   0.0394                   0.0770                   
90             0.4166                   0.0526                   0.0844                   
100            0.4173                   0.0336                   0.0758                   


KL Divergence / CPU Time
================================================================================
Duration (s)   Base Prober              Adaptive Prober          Samir Prober             
--------------------------------------------------------------------------------
10             205.5818                 26.0157                  1032.4097                
20             92.8851                  16.6847                  327.3909                 
30             56.1755                  10.1864                  51.8865                  
40             37.7825                  4.7472                   53.6900                  
50             28.2749                  3.9801                   45.0505                  
60             21.5733                  2.2811                   49.2221                  
70             17.1710                  1.2886                   20.0079                  
80             14.1419                  0.5381                   13.7866                  
90             11.4662                  0.5731                   15.1799                  
100            10.1315                  0.3225                   9.5977                   
