KL Divergence vs. Probe Rate (averaged over 50 seeds)
================================================================================
Probe Rate     Base Prober              Adaptive Prober          Samir Prober             
--------------------------------------------------------------------------------
10             0.4154                   0.0804                   0.1175                   
20             0.4141                   0.0591                   0.1043                   
30             0.4175                   0.0555                   0.0876                   
40             0.4163                   0.0365                   0.0835                   
50             0.4178                   0.0451                   0.0704                   
60             0.4183                   0.0352                   0.0846                   
70             0.4174                   0.0438                   0.0768                   
80             0.4181                   0.0471                   0.0741                   
90             0.4166                   0.0379                   0.0769                   
100            0.4173                   0.0336                   0.0758                   


KL Divergence / Probe Rate
================================================================================
Probe Rate     Base Prober              Adaptive Prober          Samir Prober             
--------------------------------------------------------------------------------
10             0.0415                   0.0080                   0.0117                   
20             0.0207                   0.0030                   0.0052                   
30             0.0139                   0.0018                   0.0029                   
40             0.0104                   0.0009                   0.0021                   
50             0.0084                   0.0009                   0.0014                   
60             0.0070                   0.0006                   0.0014                   
70             0.0060                   0.0006                   0.0011                   
80             0.0052                   0.0006                   0.0009                   
90             0.0046                   0.0004                   0.0009                   
100            0.0042                   0.0003                   0.0008                   
